%HEADER.OUTPUT.PRECISION
7

%NODE
6

%NODE.COORD
6
1   18.2880   9.1440   0.0
2   18.2880      0.0   0.0
3    9.1440   9.1440   0.0
4    9.1440      0.0   0.0
5       0.0   9.1440   0.0
6       0.0      0.0   0.0

%NODE.SUPPORT
6
1   0   0   1   0   0   0
2   0   0   1   0   0   0
3   0   0   1   0   0   0
4   0   0   1   0   0   0
5   1   1   1   0   0   0
6   1   1   1   0   0   0

%MATERIAL
1

%MATERIAL.ISOTROPIC
1
1   6.89e+10   0.0

%SECTION
10

%SECTION.BAR.GENERAL
10
1    1   2.08078e-02   0.0   0.0   0.0   0.0   0.0   0.0   0.0   0.0
2    1   4.41413e-03   0.0   0.0   0.0   0.0   0.0   0.0   0.0   0.0
3    1   2.24043e-02   0.0   0.0   0.0   0.0   0.0   0.0   0.0   0.0
4    1   4.60571e-03   0.0   0.0   0.0   0.0   0.0   0.0   0.0   0.0
5    1   8.66611e-05   0.0   0.0   0.0   0.0   0.0   0.0   0.0   0.0
6    1   6.58817e-05   0.0   0.0   0.0   0.0   0.0   0.0   0.0   0.0
7    1   1.21123e-02   0.0   0.0   0.0   0.0   0.0   0.0   0.0   0.0
8    1   1.28025e-02   0.0   0.0   0.0   0.0   0.0   0.0   0.0   0.0
9    1   6.35484e-03   0.0   0.0   0.0   0.0   0.0   0.0   0.0   0.0
10   1   5.80258e-03   0.0   0.0   0.0   0.0   0.0   0.0   0.0   0.0

%ELEMENT
10

%ELEMENT.TRUSS3D
10
1    1   5   3
2    2   3   1
3    3   6   4
4    4   4   2
5    5   3   4
6    6   1   2
7    7   5   4
8    8   3   6
9    9   3   2
10  10   1   4

%LOAD.CASE.NODAL.FORCE
2
2   0.0  -4.4482216e+05   0.0   0.0   0.0   0.0
4   0.0  -4.4482216e+05   0.0   0.0   0.0   0.0

%END