%HEADER.OUTPUT.PRECISION
7

%NODE
6

%NODE.COORD
6
1   18288.0   9144.0   0.0
2   18288.0      0.0   0.0
3    9144.0   9144.0   0.0
4    9144.0      0.0   0.0
5       0.0   9144.0   0.0
6       0.0      0.0   0.0

%NODE.SUPPORT
2
5   1   1   0   0   0   0
6   1   1   0   0   0   0

%MATERIAL
1

%MATERIAL.ISOTROPIC
1
1   6.89e+04   0.0

%SECTION
10

%SECTION.BAR.GENERAL
10
1    1   2.81795e+04   0.0   0.0   0.0   0.0   0.0   0.0   0.0   0.0
2    1   2.42521e+03   0.0   0.0   0.0   0.0   0.0   0.0   0.0   0.0
3    1   1.70909e+04   0.0   0.0   0.0   0.0   0.0   0.0   0.0   0.0
4    1   8.66597e+03   0.0   0.0   0.0   0.0   0.0   0.0   0.0   0.0
5    1   2.88017e+03   0.0   0.0   0.0   0.0   0.0   0.0   0.0   0.0
6    1   5.57383e+03   0.0   0.0   0.0   0.0   0.0   0.0   0.0   0.0
7    1   4.31595e+03   0.0   0.0   0.0   0.0   0.0   0.0   0.0   0.0
8    1   1.48086e+04   0.0   0.0   0.0   0.0   0.0   0.0   0.0   0.0
9    1   1.09413e+04   0.0   0.0   0.0   0.0   0.0   0.0   0.0   0.0
10   1   2.62461e+03   0.0   0.0   0.0   0.0   0.0   0.0   0.0   0.0

%ELEMENT
10

%ELEMENT.PLTRUSS
10
1    1   5   3
2    2   3   1
3    3   6   4
4    4   4   2
5    5   3   4
6    6   1   2
7    7   5   4
8    8   3   6
9    9   3   2
10  10   1   4

%LOAD.CASE.NODAL.FORCE
2
2   0.0  -4.4482216e+05   0.0   0.0   0.0   0.0
4   0.0  -4.4482216e+05   0.0   0.0   0.0   0.0

%END