%HEADER.ANALYSIS.ALGORITHM
'ModalAnalysis'

%HEADER.ANALYSIS.TOLERANCE
1.0e-6

%HEADER.ANALYSIS.MAXIMUM.ITERATIONS
100

%HEADER.OUTPUT.PRECISION
7

%NODE
6

%NODE.COORD
6
1   18.2880   9.1440   0.0
2   18.2880      0.0   0.0
3    9.1440   9.1440   0.0
4    9.1440      0.0   0.0
5       0.0   9.1440   0.0
6       0.0      0.0   0.0

%NODE.SUPPORT
2
5   1   1   0   0   0   0
6   1   1   0   0   0   0

%NODAL.MASS
4
1   454.0   454.0   454.0   0.0   0.0   0.0
2   454.0   454.0   454.0   0.0   0.0   0.0
3   454.0   454.0   454.0   0.0   0.0   0.0
4   454.0   454.0   454.0   0.0   0.0   0.0

%MATERIAL
1

%MATERIAL.ISOTROPIC
1
1   6.89e+10   0.0

%MATERIAL.DENSITY
1
1   2770

%SECTION
10

%SECTION.BAR.GENERAL
10
1    1   1.78002e-02   0.0   0.0   0.0   0.0   0.0   0.0   0.0   0.0
2    1   6.52794e-03   0.0   0.0   0.0   0.0   0.0   0.0   0.0   0.0
3    1   2.19933e-02   0.0   0.0   0.0   0.0   0.0   0.0   0.0   0.0
4    1   8.48181e-03   0.0   0.0   0.0   0.0   0.0   0.0   0.0   0.0
5    1   3.03107e-03   0.0   0.0   0.0   0.0   0.0   0.0   0.0   0.0
6    1   3.77220e-03   0.0   0.0   0.0   0.0   0.0   0.0   0.0   0.0
7    1   1.32222e-02   0.0   0.0   0.0   0.0   0.0   0.0   0.0   0.0
8    1   1.29233e-02   0.0   0.0   0.0   0.0   0.0   0.0   0.0   0.0
9    1   5.83523e-03   0.0   0.0   0.0   0.0   0.0   0.0   0.0   0.0
10   1   4.63189e-03   0.0   0.0   0.0   0.0   0.0   0.0   0.0   0.0

%ELEMENT
10

%ELEMENT.PLTRUSS
10
1    1   5   3
2    2   3   1
3    3   6   4
4    4   4   2
5    5   3   4
6    6   1   2
7    7   5   4
8    8   3   6
9    9   3   2
10  10   1   4

%END